609970261758
609970197305
609704108715
610207478559
626730820995
612521833742
626731156361
610877578453
610877534298
669741402774
694248809775
634663583874
613160362362
626413134728
613403027679
685138119503
695113146729
694249641190
695114370096
625802524399
629474082716
696188134579
696172666438
669935387109
669935323167
629489932431
669241881161
636060825142
629166909975
628834700857
668848992749
634024865916
629168273767
633669104860
668848984364
673707654945
627336278421
673378341694
668848396637
637240495155
668848272386
627669425738
669580914654
635066505632
627624835831
675233676853
635843670646
628555046943
669580774418
629818909435
627624227826
628261115487
632323747856
620860818657
671179341394
668846900406
621128851287
627034317446
669932071093
632526278687
605376059540
620588837295
689031133115
627032565782
631867832425
605167118275
672522304335
677784150720
619515547761
671178413763
689030365312
634122595396
672900485384
619251546748
671178389321
626709744577
627966030744
629158225694
607911835532
633366511673
671511778144
606671153575
673227886860
693370018339
672899133834
620586553755
618990301484
630321397385
673227426559
627615723696
668801205871
672519912894
627026773615
633489709279
618687228545
635838438688
634695992477
634650559568
607207960746
632391448089
600542505848
633051118111
619249314051
607464761483
607910599679
596722809525
668800261788
607106051905
669576674782
607694674741
598484567190
595148571251
606414804344
626691447875
628252325782
594799901713
636220300609
626403458501
606668073691
669235081050
626691503369
669143138565
626402698976
627918460986
669234429823
628251885419
628843331985
668405548577
678550855279
626702168236
627918284410
669928003235
668405304274
633658820444
626852286567
628548046956
668405000407
613425036828
628253195946
626700328410
628842895142
668841816825
627318122371
613697165517
595135492016
627916636612
677547712024
627605475949
626237828087
669926611677
674863003666
626696492191
628840279257
627604427604
627139899043
681102168562
627314050286
669493279269
627603579161
627914268580
627014393639
633656180467
626848218727
634010589110
634327246366
668402552775
626234160548
624861260984
668402172916
625752667926
622008248979
626687980749
634008537526
626552505599
610539626451
668838428397
628542722708
668838156909
610298897111
669229773341
610298525211
622584366018
607984313392
625175465608
628836979044
625460086594
627593399235
669137438342
602527020574
669489367984
603176811923
626843218636
626842874353
634637627825
606168777287
626227052813
606605331646
627323284069
627128903782
626839938159
614780690294
626224984942
626838426075
620172110532
619604640441
619905281084
615026043808
625761644625
627627109466
620420611268
620420603099
627563827524
614511057610
614762286816
614510669770
615009407849
615009427599
613666805126
627561511788
619887121182
637180603831
614759602568
626366518944
614507821873
614229272737
614156671318
627268986105
615005591650
615005963085
672952580674
627268510099
614505881944
673332445663
592641570414
634484913537
627557027743
672952184319
634801154483
626968913942
635120907055
631817863524
631512078218
691121095625
609655836160
610387587430
631510694767
610387559416
609920869228
609655444109
609920217803
610160490014
609654972350
609654880347
609654396807
610268941897
610004064559
610269101343
610004004497
610738527210
632781411041
619713350978
632778915217
627284548801
606355918096
613115894983
626958853447
626805826191
627545771243
634005479446
627908874134
627844944816
633688894643
626803950633
632678909460
633683446890
627254670153
687388723587
632676381801
626803154731
627543587537
673985591551
626635752224
622230797806
626642707022
613356959835
622783911507
612868329437
626061729267
619867177229
673644094725
627906002137
626955061136
626508349179
614573407240
614076857114
612455197270
673983503512
628467938712
612698318613
613900310817
686806109204
626185676258
673982943178
613652017662
626351770833
627278508715
626953445598
619563404934
672933248566
625742708184
626633268081
626632832792
622024946082
626183800927
672932020521
634466641921
627540399058
627837316258
673310181876
626632516079
626503281242
622772999129
627539499168
672929644256
631496482876
633676562129
633009240199
622215973054
633990651229
633952953992
634270278839
626949561871
631495446080
635102531389
673631494312
628165249877
673630554928
628462014230
672923824022
635451973200
673303317382
629387486977
673628618125
627832248155
628460938883
628749624090
633357005188
673301849830
635768210263
634103984927
633672126442
633355817600
633986255760
622207201856
622207361497
627830728222
633355093902
634462393341
597457811411
597089785360
604575976375
604824481765
604575564667
626603607474
625705332504
628283852185
633936903167
627563261144
627862426642
632950476195
625248004050
626601431071
629210715705
604556352717
631761607968
625702308791
614031533800
629209727706
686658941273
686319028882
629209599211
614528323787
611031091875
611031231578
636438705250
631454922092
609964932090
637089199325
610698787044
614029285912
620721778229
614699986579
610230009163
614171328053
614526827166
609876501488
609610708522
687219807157
609874713460
686926842954
680965308122
686293824787
680964536441
619923263214
626303522236
681317941275
615973390918
620139860694
626010693276
629028433338
628693588561
691876118204
634932625686
668308189013
625692372714
635245954073
626589411398
669005311166
634928713764
628690016180
627483087159
626299314143
634564772024
634927649258
634927521151
626895361330
634926765654
635563215220
612398657490
635240194383
626574704560
612127380970
668997055610
626893705329
680957700765
691859878333
619653282634
632249816074
632249280641
619915303158
668995695198
614017321255
612820865709
632249132233
626892869401
612550304036
626003449739
627189002602
613064266293
625829974022
613309115432
626583463755
681603950204
626443321952
691856366345
613314348033
626570736353
681308873097
691856098109
627476455917
633892981500
634210182067
614077387002
627476231415
691585901135
627739540488
628677892709
627186914436
681925247364
626290890824
605492334209
772670110068
605024480702
626731286147
636412985405
628658375456
614509523176
629011485129
668636254169
614430601022
628657359543
668287157483
626407337489
593270308421
668286893296
626885089187
618550696649
668987707279
621109690965
621377383079
667896844352
631715564158
629603179055
631714900779
631714708460
629602127439
607936750570
607448748189
607705157936
607936290641
607704421656
607447604171
607446804253
608152879447
607446560060
626406413259
626550187088
606255130419
683128380575
683127132519
614400785820
626696502463
613037266835
614899139226
626400645633
683475125653
626851201411
626400153725
626256158969
626694526574
626530360805
626694498456
625647200415
630146385541
683125216311
673542506907
671402318359
626079256906
627434939400
629272980856
614471703323
627653604770
631494941549
633173695363
683628680700
620896063094
672190263880
691161012741
674493921151
629268990567
672189791260
629606681065
632333554839
683977713393
677042235734
594293619940
632548337672
672189019388
674899869325
614354413462
614354153867
614605238942
614854291001
614853663598
692904705638
594293151065
632860010370
685375358802
696299242968
670679712514
676705462378
628277730421
685084225440
696051925512
684572235059
684571027951
636017428910
696297806183
684738292142
691989756591
685373578150
627977645148
635185010024
684737292286
635505215085
685372146579
684735976135
685371170078
688924278834
685672347320
619869235810
688641649227
684733676166
684732800756
688917806464
637689955080
636675904878
669343155963
642570047035
694014893868
690514623829
632851230971
632191236954
628227668455
632537545845
632850766390
626064136981
612866672812
636179166395
672831415133
633156303698
636178010681
694012389380
670445061995
688892262369
632087607957
671492873635
632316355000
681240817553
636177598441
672170363186
626676806356
676013444027
682650879885
671773000441
694011405043
672169531934
670058104116
671103896680
625947781898
681534006532
672168827655
627126922483
672168367914
619034408150
671128131392
681237197178
597855055647
671102220960
682648231358
607878570940
607648369304
626060444214
672167307441
626829209228
607878438920
680882000530
671769372955
671488917329
674352130015
629249940052
635491380765
672166559792
671127179330
626035927903
635160214930
626672198523
594910479438
670666632094
680880084761
619858839097
671487541033
674022197649
671126415252
619330769745
672151765871
668639213416
597853175090
681850231599
669764467825
600577316440
671051733785
632000509132
669069261725
680878664165
632083971408
626670842650
636169314930
627411643777
672150557741
671050657243
674019949830
680877052347
629581617325
638457059007
629580645846
681229637233
633837365051
672822679852
631614859582
627731826201
597479637670
674017661878
669067821144
672148905495
636664472230
626824333787
628021999374
634477764256
635845397717
681523090201
594904707408
637677143978
626824285084
684197464870
630618633073
671049133435
668636437322
685653963576
630182067187
626668790205
637347598320
631467929340
669066589371
630181927529
696035633775
672147485528
619854023461
684715240853
692566958464
684715276410
601936740047
670661932491
622073653164
631997041160
685059709294
626821705617
621769864996
632305082876
633834517098
630719120043
631649920432
692566378225
622624847260
669065069588
622072393847
606683426768
692566074113
619322653214
671760272489
626821149174
626230338567
631995301852
692565602166
619586558032
633480472963
692866513476
685348542585
692300501048
630717660695
692565158365
692564838954
691973828904
630276344604
619043874495
630614609756
630614689015
629570493373
692831035817
618782657575
621325155210
692830931230
692830703283
692297373830
685053301283
631668407058
615890514509
692562310824
615889778876
631361946930
616138235327
627422629118
630712740647
615634073350
614584294863
614584106751
614831907920
613485529660
600179027508
599993442012
626193198067
638014491450
619290317918
631956825254
619553542494
596707610217
626920475346
626018816100
626018452261
618987952653
675495603254
626919403544
619551654473
688521377256
627907913042
626919039841
603006565558
675313617288
684784054774
629813282959
632262918148
671693491290
671692559947
610131385032
610599711271
669469868977
612786871411
629728520757
629728656444
629172532130
631632315534
633789441661
631605872101
674937456628
636615572613
602762792015
671418945164
671749610425
632259658431
594844399744
633055601275
614560850315
614560626495
614308245849
675626638915
671746198396
670192862137
631949577014
671745678096
629497233215
671745470018
671745182289
670613928324
672093247988
613334338635
671412473798
671025560676
613333986120
672091523813
671411081099
684008183175
676319153962
613084725897
613330930741
688786390053
612813668433
684005815196
674834073327
613573083479
635937447440
633660191268
631316318992
627343963132
631316010505
632029183097
632556127269
629786066143
595064181082
635607618679
626004020375
630217444085
683401505008
626758177033
629146112305
630216564432
626614786444
631722778877
614147066102
633079167176
684002819654
614392767012
683693190482
631721582968
631722086098
613621472414
631721774343
631413309100
678435918388
627651794090
631311470986
613078077583
619535558845
688773934065
629141696412
627050658995
626899351348
631936977476
599972422138
618970404848
693375529105
631067696631
631067408360
683999975797
618969652382
678434298081
694445987461
672722443145
685277118486
672722083089
672045633376
631719102173
677764732226
621016034725
669456428439
635283889044
613564959739
683046120275
631589572065
673279191979
631409349620
671662028214
631616171291
621015638666
626459071319
613075693333
672044685325
616079891958
675479739670
607779914228
612454089694
627335871106
612719309675
672720003934
672718451682
632021415793
634073214472
595602485361
616077407582
684151346688
672373514004
672717523316
627933219080
683394281749
627332975305
627884121455
672716519130
675139442010
633754701382
671654736523
635277505840
627555980035
635764433473
595953699287
633885648029
676292513228
625957419050
613976264614
613975632385
676087546475
627637786292
669835845988
614252865001
614252541377
614252953988
614301709712
627042598402
630544625857
614503730731
614506318168
614554158148
672712151272
674817181690
669449208441
671651480830
671312710332
670527371788
606611530418
676288293360
614752355981
614752111940
614802083337
672710059501
693590696379
606611442179
670174370428
671650044428
694171358287
671312082792
694436963732
669834265323
615817198618
632747362988
626891579589
618415612170
632434445938
618975206090
616066019063
632434453591
625990544569
615816714196
632746786986
627039142459
634910816420
629122320093
618413736714
676278021765
630846210652
630845362715
630537833362
627921423386
608036083122
627036206015
625941667734
668570289388
626737093781
626736333985
627032150077
836415241690
626735849614
636932621226
626735369221
637258906353
637587843625
627325821610
637258138567
636931661484
636573648502
629444857529
629109624503
629109536102
629748242465
630045627387
604479689644
626269605058
627352818391
606569358856
613144276930
675887775367
618913072383
619735455785
669315874502
626845583576
619863068650
681412498694
681734651048
632504299458
692180925851
684406475763
631538516757
668884514198
670538968249
681114545923
626383396914
626999330740
674851732889
631883561133
675882035416
675227773026
675227201045
674403532352
689281400996
632193018719
593510595911
669412756270
602693184894
675432867200
690164403845
670489283612
631519588169
683451920795
670488699793
632498519852
627860871716
614647082050
613513227709
696448883954
610461488199
611201835267
682372231144
680748248858
669405632528
680747844478
695938997791
670483367221
682370047492
681100653847
637501515071
687219632688
681720135546
681397010554
636020918182
681098497915
630935385532
689251060602
684370749550
696178594448
696437155660
631095423302
629961459827
670950399460
695928429643
694686958991
620129157476
693521440712
619829740008
694102310549
694686318334
696431959747
683626014489
598151291692
694951639009
683625570049
681745525934
696431543796
694427505451
629011272998
683933751639
694427417051
631361089958
694107488819
627254201583
607549993884
694105292138
627273719255
620389666793
607996731724
626984450537
670518212885
624999776235
631016788279
607291452056
627271083956
694423661871
684012548699
636333887162
683930659239
635534182214
682976472510
625316053463
627810601010
609798236315
683328025419
610529939409
626686745545
671236938085
597537184519
627269755933
683929375316
671235826513
676863379062
684383699166
625314693342
625598622250
610061217297
683326365693
636823153345
595143986528
683326197286
670588778688
682973600668
594742476740
684381815047
683926903911
637147286027
694093914340
594969925871
670473755903
675200317026
614248961037
635324916401
683926751174
620962406431
609794628419
684380903447
674822688251
683926471505
675198709875
637144918432
632664374528
632974671022
632974599006
620688001827
836143885385
620380054690
669393836189
594072979206
668518789590
595315739390
632005448344
635213337804
630573039678
675850343326
627240885404
635528726654
627539546378
634996878147
627240197688
622509959241
635315283272
604838184661
613817621850
596441245146
668126236447
627538486284
675511270371
636814621321
668125800736
634849652925
637468615158
673710579136
670937015541
620642471200
634994698617
595135090645
634678049963
627826559560
627237509409
635312803584
610137920868
627824235683
621651532182
620639367323
610644890318
614242553380
610402209712
614493334674
614740359558
614493194460
614739599669
669710802528
670061719356
668977792884
614491614772
615188300661
615726890895
669709694180
835845990258
668976588961
635204993295
668975764845
634842432283
632935523563
620349150957
613082876794
613082604927
613844239329
674340848662
598103315407
613352173700
626493858805
675803999756
675803179738
621546162442
674771504845
688423070704
596796445898
671163650168
636744185751
675147029612
603773201204
626321648004
674621682725
603988378815
636151445950
671512175706
635487454837
596583730825
625753445004
631323273459
672055840600
637066778380
612715492792
634950682013
627223535048
626935446410
673108783469
631461052364
630979068589
630978796858
671923227682
674709665321
674951779906
594659951031
671239969258
671507379081
628681122153
675681613866
671921931747
670433392620
669807388348
678002853404
671921687821
675363943352
670530726879
671238741647
670852268860
671505115308
671238037958
670882155776
695379515789
669805752779
675679577286
670190153945
670528702809
626312128674
694855197830
612677655637
694854853087
632414019423
631946360936
612191589681
694854077550
612677719195
669303393671
628965975583
625422256945
631945572308
632602838889
626187109834
632912243536
669644774129
672749550932
669644442908
668911404712
672422413438
612189925714
612676075405
629566848485
672983173076
626317343185
612189225780
672748142571
692607421176
612433450915
673073472396
673649695819
612433566614
683717413436
671566838404
673092559962
612433102927
612674375498
670846752737
626922278385
631793217049
633237076455
612674303258
672035216897
627209987571
631005247011
634921894860
612188081487
631618130387
633586653089
674701009050
633234904836
626808316691
626184241088
671492919980
596569146006
669641630590
673306498660
672745242067
635239791526
626304520760
627414564011
693429600902
626026814233
621791555746
672978569145
670874335021
612673555018
673089711346
626919206557
671140906589
612585161568
630055584745
675019798231
691367427673
632407555114
626474550031
612827538724
629560124712
672032844120
626624189990
634600601123
628332547127
627127141177
612672091973
688102145400
611916620447
629895529330
627714923958
630201766084
629894701412
677625060775
627738417026
678293690284
607242740450
677015141522
693118207733
635458186657
625734861386
630999751634
611915304167
612670939215
636236327286
601067149435
601459595945
615942213205
607729122391
627410256713
630999219190
677325222528
615941253362
627420514654
601266918037
626021834735
622125296557
629892189031
620943848074
677013621477
684859827482
692257152365
692254764019
627408156905
636234727557
685118190689
632398251754
677012313838
618845046305
693104799199
616442567199
625411136334
627418202795
674595190195
625730077065
601455523035
678174939675
669791836632
626797040933
677167552850
597466200305
630047820684
618581233385
677837858163
674310644626
618839606394
634232180329
691342667724
678171367334
627702891543
678283594386
669789488015
593394827127
675341131084
626908538941
630187070554
674307828032
610087084544
626907338353
628893636627
610086564671
629530586860
629828711963
628893220756
623586583687
626787052524
605240562144
629530570253
613906408036
629530414233
614182177068
627694075679
614181085663
627691019165
674304024894
614431074644
613903432941
673175033524
597692169257
613903080016
614676071718
597876354416
614429022611
603244671623
597247717297
629820959970
614159769221
615088544594
615875467494
615626114993
675632609356
625818512010
676282119852
597852091259
597851454013
677584864392
675256852198
616144218645
620877314356
632353631878
624889932813
620305600001
627688249072
678584483078
635718936761
627687901260
635860954101
597665893049
668860668560
627987198576
625205741644
634361070364
675628485517
627686609089
633684424041
626580465083
627361636320
627164167513
633684584868
627985030443
670805284780
634353434345
636614937339
671523758116
626578837483
634670199817
675252532289
677939957591